4
100 1 1 3
101 1 4 1
102 3 4 3
103 4 1 2
104 4 4 1
105 4 3 1
106 7 1 3
107 7 1 3
108 8 1 3
109 9 2 1
110 10 2 1
111 10 3 1
112 11 1 4
113 13 2 4
114 14 3 1
115 17 3 1
116 21 3 1
117 22 1 3
118 22 1 4
119 22 2 1
120 24 3 1
121 26 4 1
122 28 1 4
123 29 1 3
124 29 3 1
125 31 3 1
126 31 1 2
127 32 1 3
128 33 4 2
129 34 1 4
130 37 1 4
131 39 4 1
132 39 3 1
133 42 1 4
134 43 3 1
135 46 1 3
136 46 2 1
137 47 3 1
138 48 1 2
139 49 2 3
140 51 2 1
141 52 1 4
142 53 3 1
143 53 3 1
144 56 1 3
145 63 1 3
146 65 2 1
147 71 1 2
148 72 1 3
149 73 2 3
150 73 3 1
151 75 4 1
152 76 3 1
153 82 1 4
154 86 3 2
155 87 4 2
156 87 4 3
157 91 1 4
158 92 4 3
159 92 1 4
160 95 4 1
161 96 2 1
162 101 1 2
163 102 1 4
164 103 2 1
165 106 4 1
166 107 2 1
167 107 3 4
168 110 2 3
169 114 2 3
170 119 3 1
171 120 1 4
172 120 2 3
