4
100 1 1 4
101 2 1 3
102 3 1 3
103 5 2 1
104 6 1 2
105 8 1 4
106 9 2 1
107 11 2 1
108 12 1 2
109 12 3 1
110 13 2 1
111 13 4 1
112 13 2 1
113 14 1 2
114 17 3 1
115 18 4 1
116 19 1 3
117 22 3 1
118 25 1 2
119 27 2 1
120 27 1 4
121 28 4 1
122 31 3 1
123 32 1 4
124 32 4 1
125 33 4 1
126 34 1 2
127 36 3 1
128 37 2 1
129 38 2 1
130 38 4 2
131 43 2 1
132 44 1 4
133 44 1 3
134 45 3 1
135 45 1 3
136 46 4 1
137 47 4 2
138 49 4 1
139 49 2 1
140 50 3 2
141 51 2 1
142 51 2 1
143 52 2 1
144 52 3 1
145 55 1 2
146 67 1 3
147 72 4 1
148 72 1 3
149 78 1 4
150 78 1 2
151 80 1 4
152 86 4 1
153 87 4 1
154 88 2 1
155 89 4 3
156 93 2 1
157 95 2 4
158 96 1 4
159 99 1 2
160 106 4 1
161 108 1 3
162 114 1 4
163 116 4 3
164 116 1 4
165 120 1 2
