4
100 1 1 3
101 6 2 3
102 6 1 3
103 7 3 4
104 7 3 1
105 8 3 1
106 9 1 3
107 9 2 1
108 10 1 2
109 11 1 4
110 13 1 4
111 16 1 3
112 16 1 2
113 17 2 1
114 19 1 3
115 20 3 4
116 24 4 1
117 24 1 2
118 28 4 1
119 32 1 3
120 35 3 1
121 37 4 1
122 40 3 1
123 42 2 1
124 44 4 1
125 47 4 1
126 49 1 4
127 51 2 4
128 56 4 1
129 58 4 2
130 58 1 4
131 58 1 4
132 60 2 1
133 62 3 4
134 62 1 2
135 64 3 1
136 65 1 4
137 65 3 1
138 67 2 1
139 70 1 2
140 71 1 3
141 74 1 2
142 77 1 2
143 80 3 1
144 80 3 1
145 80 4 1
146 80 1 4
147 82 2 1
148 93 1 4
149 94 1 3
150 95 1 3
151 95 4 1
152 96 1 3
153 97 4 3
154 99 1 4
155 102 3 1
156 102 2 1
157 105 2 1
158 110 4 3
159 112 4 1
160 112 2 3
161 114 2 1
162 117 3 1
163 119 4 1
