4
100 1 1 3
101 5 4 1
102 11 1 4
103 13 1 2
104 14 1 3
105 18 1 3
106 20 1 2
107 26 2 1
108 29 4 1
109 30 1 2
110 30 3 1
111 30 4 1
112 33 2 1
113 36 4 1
114 37 4 1
115 38 2 1
116 39 1 4
117 41 4 1
118 42 2 1
119 43 2 1
120 47 1 4
121 51 4 2
122 52 4 1
123 57 4 1
124 60 3 1
125 64 3 1
126 68 1 2
127 75 4 1
128 75 4 2
129 77 1 2
130 78 3 1
131 80 1 3
132 81 1 3
133 86 4 1
134 88 1 2
135 89 2 1
136 89 1 2
137 91 1 3
138 91 3 1
139 93 1 2
140 96 4 1
141 96 1 3
142 100 1 3
143 101 3 1
144 102 3 1
145 106 1 3
146 108 1 4
147 110 1 2
148 115 1 3
149 120 1 2
