4
100 5 1 3
101 6 2 1
102 9 2 1
103 11 3 1
104 15 3 1
105 17 3 1
106 22 4 1
107 22 1 3
108 22 3 1
109 24 3 1
110 25 1 4
111 38 3 1
112 38 1 2
113 38 1 4
114 43 3 1
115 44 1 2
116 47 2 3
117 48 1 3
118 52 1 4
119 53 3 1
120 54 1 2
121 59 2 1
122 62 1 2
123 63 3 1
124 68 1 4
125 68 2 1
126 69 2 1
127 75 1 2
128 76 1 4
129 76 1 2
130 79 1 3
131 82 1 4
132 89 3 1
133 90 2 4
134 91 1 4
135 92 2 1
136 93 1 4
137 97 2 1
138 98 3 1
139 100 1 3
140 104 1 2
141 108 4 1
142 110 1 3
143 110 1 3
144 111 3 4
145 113 1 2
146 118 4 1
