4
100 1 2 1
101 1 1 3
102 3 1 3
103 3 4 2
104 7 3 1
105 7 3 1
106 15 4 1
107 20 1 3
108 24 1 2
109 24 1 2
110 24 1 4
111 25 1 2
112 25 4 1
113 26 4 3
114 28 1 3
115 29 2 1
116 32 1 3
117 33 3 1
118 33 4 1
119 36 2 1
120 39 1 4
121 39 1 4
122 43 3 1
123 44 2 1
124 44 1 4
125 44 4 1
126 48 1 4
127 48 2 1
128 54 1 3
129 54 4 1
130 58 2 1
131 62 2 1
132 63 4 1
133 65 1 3
134 67 1 3
135 72 2 1
136 73 1 4
137 73 4 1
138 77 3 1
139 81 2 3
140 81 1 2
141 86 1 2
142 86 2 1
143 87 3 4
144 92 1 4
145 92 3 1
146 94 1 3
147 98 3 1
148 99 1 2
149 101 1 3
150 101 1 3
151 102 1 2
152 104 1 4
153 108 4 1
154 113 3 4
155 119 1 4
