4
100 1 2 4
101 3 3 1
102 10 1 3
103 11 2 4
104 13 3 1
105 16 1 3
106 16 2 1
107 18 1 2
108 18 3 1
109 20 1 3
110 22 1 2
111 25 1 4
112 27 4 1
113 33 4 1
114 35 1 2
115 36 2 1
116 38 2 1
117 39 2 4
118 41 4 1
119 41 1 3
120 43 1 4
121 48 1 4
122 53 1 3
123 54 1 3
124 55 1 4
125 55 1 4
126 58 3 2
127 59 2 1
128 60 1 2
129 60 4 1
130 61 1 2
131 62 2 1
132 69 1 3
133 70 1 3
134 70 2 1
135 70 1 4
136 71 1 3
137 73 3 1
138 79 1 2
139 79 3 4
140 81 1 2
141 84 4 1
142 84 4 1
143 84 3 2
144 87 1 3
145 88 1 3
146 91 4 1
147 91 4 1
148 97 1 4
149 97 1 2
150 98 1 3
151 102 1 2
152 105 4 1
153 109 2 1
154 111 2 1
155 112 3 1
156 113 4 1
157 116 3 1
158 118 1 3
