4
100 3 1 4
101 3 4 1
102 3 1 3
103 5 2 1
104 6 1 4
105 8 4 1
106 9 2 1
107 12 2 1
108 16 1 2
109 19 2 1
110 24 4 1
111 24 2 3
112 24 2 1
113 25 2 1
114 26 2 1
115 32 1 3
116 37 1 4
117 39 4 1
118 42 3 1
119 43 4 1
120 43 1 2
121 43 3 4
122 48 1 2
123 49 2 1
124 49 3 1
125 51 1 2
126 51 3 1
127 54 3 4
128 57 2 1
129 58 1 3
130 60 1 2
131 65 3 1
132 65 2 1
133 65 2 1
134 66 1 2
135 69 3 1
136 76 1 4
137 76 3 1
138 77 1 2
139 86 2 1
140 87 3 1
141 87 2 1
142 90 4 1
143 94 4 1
144 94 1 2
145 96 2 1
146 99 4 1
147 99 4 1
148 112 4 1
149 112 1 2
150 115 1 4
151 120 3 1
