4
100 1 1 4
101 2 1 2
102 3 1 3
103 9 1 2
104 10 4 3
105 11 1 4
106 15 4 1
107 18 2 1
108 20 1 2
109 23 1 3
110 28 1 2
111 33 4 1
112 34 1 2
113 36 4 1
114 36 1 3
115 37 3 1
116 40 4 3
117 44 4 1
118 48 1 3
119 51 3 2
120 53 1 3
121 54 2 1
122 55 2 1
123 58 2 1
124 59 1 4
125 61 2 1
126 64 3 1
127 68 1 4
128 69 2 1
129 69 1 2
130 70 3 1
131 71 4 3
132 72 3 1
133 72 1 2
134 77 2 1
135 78 4 1
136 80 2 1
137 83 1 3
138 84 2 4
139 84 3 1
140 85 2 1
141 87 1 2
142 87 3 1
143 87 4 1
144 89 3 1
145 91 2 1
146 92 1 2
147 94 1 4
148 94 4 1
149 96 4 2
150 97 1 2
151 98 2 1
152 98 3 1
153 105 1 2
154 107 3 1
155 107 2 1
156 110 1 2
157 111 3 1
158 113 3 1
159 115 4 1
160 116 1 3
161 118 1 3
162 119 1 4
163 120 4 1
