4
100 1 4 1
101 3 2 1
102 4 1 4
103 5 1 4
104 7 1 4
105 8 4 1
106 8 1 3
107 9 1 3
108 10 1 4
109 12 3 1
110 15 4 1
111 15 2 4
112 15 3 1
113 19 1 3
114 23 3 1
115 24 3 1
116 24 2 1
117 24 2 3
118 29 2 1
119 29 1 3
120 30 3 1
121 32 2 1
122 33 1 2
123 42 1 2
124 43 2 1
125 46 1 3
126 47 1 2
127 47 1 4
128 48 1 4
129 49 2 1
130 57 3 1
131 59 4 1
132 61 1 2
133 63 1 3
134 65 2 1
135 66 1 2
136 69 1 3
137 74 4 1
138 75 3 1
139 75 1 3
140 80 3 1
141 81 1 2
142 83 3 2
143 83 1 3
144 84 1 4
145 85 4 1
146 88 1 3
147 89 1 3
148 90 4 2
149 92 1 2
150 93 4 1
151 95 4 1
152 95 1 4
153 100 1 3
154 100 4 2
155 107 1 3
156 109 1 2
157 113 4 3
158 113 2 1
159 116 1 3
160 116 1 2
